261
230
195
269
240
260
215
246
245
229
261
200
196
190
266
181
228
262
246
268
257
250
240
237
234
250
252
264
225
246
279
206
203
313
253
241
251
255
238
264
286
224
200
275
235
254
253
258
262
282
244
241
263
284
234
223
228
266
233
240
228
227
214
259
232
289
200
280
248
270
240
266
284
253
192
205
257
227
227
208
260
232
247
244
257
254
252
216
250
247
222
228
247
239
291
248
245
283
241
238
293
245
277
297
260
256
214
272
248
247
249
240
263
278
267
248
239
256
269
231
231
294
265
223
247
217
216
285
240
201
206
271
239
263
213
227
226
230
216
190
190
235
227
182
226
207
226
235
240
221
246
215
239
228
213
236
214
210
274
217
242
261
247
258
252
226
265
234
251
242
162
248
253
228
223
256
274
267
250
226
244
242
230
203
213
252
227
222
213
186
231
235
252
262
252
298
290
297
298
322
333
265
267
223
273
249
284
265
276
287
284
309
319
299
307
262
278
313
242
260
273
279
324
298
286
354
310
321
327
307
322
304
304
301
252
325
351
314
298
297
296
317
321
275
288
303
298
251
275
322
280
261
232
227
228
321
308
329
274
341
322
321
293
339
342
261
286
238
233
250
300
283
348
314
300
323
334
324
316
276
300
315
281
307
312
298
378
285
300
392
342
289
320
317
339
336
348
298
253
333
342
327
296
338
359
356
327
278
272
308
310
284
300
323
302
279
274
272
256
306
192
197
208
226
204
224
177
189
220
216
196
178
166
195
210
188
217
213
205
221
187
229
217
167
158
234
173
194
197
212
248
183
190
237
234
204
224
215
226
223
217
216
198
245
235
209
225
203
236
259
254
204
199
213
209
171
181
236
191
212
206
169
216
242
224
238
215
275
219
265
218
225
261
230
184
207
204
203
243
198
237
188
215
217
216
264
241
214
240
201
246
217
240
218
292
205
216
269
239
253
237
219
238
247
229
248
176
237
249
238
240
253
247
276
216
207
227
250
223
215
175
272
217
211
230
195
224
228
185
185
181
196
198
232
174
204
165
194
207
151
145
156
186
152
200
219
210
214
192
183
214
177
180
188
187
202
166
177
212
195
201
215
217
204
222
207
191
202
237
184
189
230
213
188
202
217
221
224
220
196
203
211
209
152
195
192
191
180
167
157
140
226
237
233
236
242
236
274
232
260
289
232
202
198
223
239
237
231
265
242
236
256
226
276
251
239
237
213
246
239
234
254
286
237
242
306
276
257
253
253
246
246
253
246
214
263
296
232
252
257
257
269
265
237
244
240
252
206
217
253
235
220
207
214
223
254
229
245
223
286
249
305
232
266
281
239
221
194
250
261
266
221
259
265
247
261
252
232
247
227
225
269
219
294
252
251
271
248
265
296
255
271
284
262
261
239
298
263
230
294
299
271
261
274
287
287
260
243
260
253
244
222
256
263
243
225
214
207
225
274
269
276
240
290
246
330
240
280
303
247
256
248
225
218
253
279
276
242
255
292
285
263
303
227
271
276
206
258
246
242
359
225
247
296
281
310
262
285
293
310
316
264
232
309
288
301
278
283
317
306
283
251
237
284
292
225
216
295
281
229
285
222
212
267
236
226
219
263
245
273
212
194
233
271
246
200
205
211
263
190
217
238
247
240
227
248
229
208
235
253
238
204
228
250
262
213
248
279
271
267
239
232
255
230
251
236
219
282
261
244
235
264
248
280
232
245
268
250
245
225
207
256
216
202
239
192
206
267
231
225
174
261
245
265
174
223
230
214
182
210
200
190
218
238
216
228
214
234
204
231
229
188
205
211
187
215
189
232
231
199
224
251
212
200
207
227
239
263
240
218
181
236
231
255
195
232
248
245
211
269
220
223
249
194
198
226
255
180
195
196
180
209
234
254
190
283
276
265
213
257
262
250
219
206
217
227
256
203
263
244
246
242
256
251
263
223
244
235
239
257
225
238
300
222
252
290
258
264
266
259
251
280
284
229
205
266
269
277
290
275
262
296
262
249
277
258
238
245
256
256
236
235
238
208
233
282
272
234
244
263
265
273
253
265
300
264
264
198
222
188
292
248
254
281
274
271
299
286
284
265
259
261
238
238
261
250
319
243
236
302
301
276
298
226
279
278
274
226
260
276
261
296
244
292
306
335
264
239
225
235
300
235
239
273
257
240
240
234
212
297
260
217
252
271
259
292
238
273
274
229
258
209
217
232
257
221
279
262
237
267
295
253
257
259
281
279
219
292
239
227
293
252
243
297
255
257
279
244
312
254
304
233
219
260
283
262
233
285
288
310
275
236
229
244
281
226
250
253
244
239
231
224
218
279
244
277
245
277
231
290
224
261
260
254
219
217
230
243
270
210
291
246
266
271
227
288
281
210
255
265
255
245
282
246
321
235
270
316
265
255
272
281
307
283
276
266
231
304
290
261
260
287
267
308
308
211
245
285
281
215
259
309
250
225
267
198
253
285
278
236
224
266
216
243
236
246
253
232
234
212
194
218
208
205
254
231
224
238
254
238
269
229
245
245
227
247
230
194
295
230
216
303
256
230
250
251
252
246
263
246
204
250
266
244
229
254
291
263
253
244
244
270
252
213
229
259
213
216
268
190
206
262
270
281
256
318
307
341
287
284
296
284
286
242
293
258
321
258
297
298
313
326
333
327
328
270
278
299
276
289
269
266
373
282
331
351
317
343
319
317
327
334
339
303
243
327
348
332
302
331
334
325
322
308
276
317
324
281
286
316
299
258
309
299
261
317
241
241
229
238
226
293
236
239
263
221
228
211
256
255
270
217
259
235
221
268
265
242
293
231
232
262
250
247
234
231
303
215
255
316
259
326
286
286
266
272
276
279
199
274
288
275
222
269
271
275
281
225
245
298
250
213
219
266
248
211
281
205
222
262
239
246
227
241
229
295
189
246
265
207
210
196
215
218
250
239
235
251
238
251
243
267
233
211
229
238
224
240
206
263
297
238
261
273
258
264
247
283
230
249
274
281
237
296
291
236
267
259
268
283
240
218
249
266
237
202
199
298
253
193
230
213
209
251
283
279
249
318
294
319
301
301
300
266
266
244
246
256
288
270
293
284
293
298
325
286
304
240
279
309
255
312
291
284
330
284
289
349
306
302
318
326
301
309
314
296
236
317
316
315
270
311
320
310
304
306
257
330
275
264
240
292
275
273
254
255
232
300
261
223
209
266
265
299
227
267
288
261
258
202
213
218
266
246
238
273
287
264
245
253
278
246
247
282
213
237
235
256
283
242
248
302
289
242
238
258
262
269
304
241
244
300
305
280
267
301
271
298
267
252
269
266
280
234
265
275
245
236
234
198
221
310
221
240
196
239
225
260
227
227
255
221
224
205
239
183
245
221
218
218
241
253
244
243
226
203
225
258
219
215
222
210
248
200
251
267
236
258
235
263
247
244
276
208
216
261
292
269
244
249
272
264
226
238
235
214
271
221
238
226
244
223
239
210
198
235
225
214
224
238
243
261
224
247
269
237
233
189
231
209
224
209
250
251
225
239
254
240
274
223
235
248
216
243
221
241
261
222
257
285
262
301
258
242
234
242
241
250
196
271
268
269
230
275
272
271
247
234
259
239
243
195
222
275
276
202
225
187
213
226
269
259
231
299
278
293
233
300
293
242
238
221
256
246
298
233
262
250
284
272
293
277
285
244
262
274
235
257
262
253
336
251
246
298
280
261
317
297
311
310
310
269
244
316
294
313
280
296
299
306
291
255
260
292
285
221
264
311
279
271
254
225
221
278
188
206
222
256
227
237
234
218
261
220
214
169
214
189
208
183
239
247
228
254
233
253
230
243
214
236
211
202
209
192
282
236
236
281
259
236
229
235
252
214
253
219
220
268
287
241
234
236
240
275
266
211
237
248
233
206
209
257
206
195
206
181
234
239
244
231
205
245
237
237
220
236
238
216
235
233
205
206
266
212
261
234
258
272
236
244
273
205
221
241
225
242
232
226
290
221
241
278
258
267
258
252
249
272
271
216
196
261
269
289
247
247
267
265
264
246
233
256
254
218
224
246
237
224
224
209
200
272
238
249
224
309
272
312
247
283
283
299
267
225
253
248
261
254
271
294
261
287
275
290
283
244
257
325
219
272
253
296
315
264
261
337
277
299
275
307
284
291
314
275
210
311
308
293
308
287
278
305
309
278
284
304
256
269
258
304
261
236
267
208
272
325
262
280
229
319
285
290
267
251
273
260
231
222
237
263
291
210
252
282
278
278
256
264
271
237
244
296
243
249
261
250
308
264
217
322
298
247
291
285
290
290
296
276
238
282
276
255
268
264
275
277
278
268
264
285
273
262
232
288
228
252
252
250
283
296
184
212
194
234
237
253
188
228
208
204
191
173
181
189
198
183
215
223
212
237
202
211
239
192
175
231
201
197
188
217
255
201
210
284
223
233
244
248
229
260
230
242
170
259
243
214
191
211
250
257
252
189
217
247
216
179
180
226
225
203
204
158
200
245
265
256
210
284
270
279
244
277
282
246
256
207
237
238
289
240
252
271
296
277
285
281
283
237
289
293
241
262
261
282
317
269
251
302
302
264
279
287
285
311
301
218
238
325
285
282
273
279
269
311
284
283
270
313
288
261
234
291
261
256
233
231
214
306
271
279
254
285
263
300
269
261
310
257
211
231
270
279
261
230
306
260
250
283
295
275
264
280
277
272
262
259
264
251
315
249
292
303
277
291
270
295
295
249
296
264
237
314
310
269
291
295
302
308
311
240
270
252
300
212
261
302
269
224
272
218
270
234
267
248
288
293
281
326
237
275
327
283
267
223
241
242
286
266
303
270
265
292
271
303
286
288
230
278
251
273
261
287
333
285
290
289
303
278
288
273
290
285
294
293
246
335
307
301
314
298
311
334
297
279
255
267
297
237
244
324
266
241
260
238
241
292
240
244
224
264
253
275
251
280
288
240
240
218
245
233
259
239
262
272
257
276
299
290
248
250
290
282
251
254
269
285
307
241
246
326
294
291
279
293
296
257
283
259
215
286
325
295
283
266
277
304
273
242
280
266
275
252
264
258
259
225
222
198
227
297
287
301
263
322
291
335
295
349
355
313
268
250
289
268
276
276
301
317
317
279
340
328
332
276
313
320
233
285
253
286
358
284
272
361
302
318
315
301
331
305
338
295
278
326
350
324
313
327
312
329
320
297
294
313
314
262
321
321
295
257
305
258
248
329
222
201
186
240
227
238
217
230
231
223
199
169
201
216
209
172
245
221
225
236
236
223
235
205
225
225
216
186
230
219
244
215
243
274
245
253
256
223
255
251
230
223
157
267
239
251
221
251
265
265
266
220
252
253
236
184
208
243
223
212
209
182
189
250
229
238
204
272
219
267
249
273
264
246
223
202
231
224
226
197
273
237
232
244
268
245
273
233
256
258
239
253
261
211
300
261
251
293
257
246
273
225
260
256
279
247
206
291
257
271
269
252
289
282
273
227
235
269
259
204
232
264
221
208
244
204
211
283
236
254
203
280
219
275
244
225
239
236
230
197
199
189
247
196
251
256
252
287
272
228
246
219
216
263
235
219
228
207
299
237
209
300
254
254
252
278
264
268
310
233
201
286
266
243
284
245
295
297
268
215
237
283
251
235
227
240
216
205
240
219
225
285
233
280
191
280
254
282
206
263
281
237
208
204
233
218
266
249
263
204
239
256
234
256
272
208
249
259
200
242
242
245
307
222
239
273
252
268
251
269
265
290
272
266
220
287
268
261
262
254
278
269
279
239
239
280
271
245
224
295
254
255
266
215
229
262
242
246
261
286
266
299
220
290
283
269
241
195
224
214
260
257
261
261
255
246
245
285
271
244
231
274
256
262
257
271
325
255
240
310
282
264
258
247
261
271
277
268
224
301
294
258
268
276
275
294
263
241
253
294
265
253
215
291
234
229
260
219
233
278
233
221
241
268
264
272
245
259
283
224
224
206
258
213
251
229
254
263
254
261
253
248
264
217
238
284
221
242
275
231
275
278
251
320
258
242
268
265
286
282
290
240
224
255
273
281
240
260
272
285
260
264
233
253
297
237
226
292
262
237
235
212
214
280
238
250
208
281
243
299
247
248
275
242
221
219
230
229
260
225
247
259
203
248
269
247
263
215
267
264
203
233
208
223
294
239
216
275
264
254
235
271
268
258
306
248
251
269
283
240
286
258
251
273
264
211
240
282
262
224
225
252
220
222
243
225
207
267
206
213
209
239
192
288
229
264
232
213
234
188
215
197
228
206
215
240
196
251
263
258
268
222
212
210
199
230
177
205
293
188
225
248
239
251
249
234
238
244
260
242
199
252
283
217
251
254
265
260
265
197
197
236
220
134
211
238
228
186
204
199
167
232
236
244
201
280
233
277
228
222
273
243
227
211
249
237
300
219
269
256
281
279
260
246
269
231
255
296
208
252
245
228
282
255
223
271
256
274
285
264
257
270
294
238
245
286
283
281
263
278
264
306
275
249
250
284
259
236
241
283
236
239
256
230
254
306
229
223
234
234
224
260
221
248
309
251
211
198
237
221
253
236
241
256
243
253
239
268
254
242
223
262
201
225
226
259
268
212
210
285
242
271
260
246
234
250
234
239
229
247
280
241
251
239
250
270
238
223
240
246
242
200
213
262
219
217
239
228
209
243
192
256
204
268
249
258
206
232
258
231
208
189
208
189
239
211
268
222
228
277
215
253
260
199
228
227
203
216
231
227
313
214
271
285
266
227
266
263
277
274
277
227
210
308
283
266
239
252
263
254
273
236
218
249
269
228
229
259
237
242
215
193
204
238
247
240
240
249
233
319
251
289
289
230
233
194
232
243
246
254
266
290
262
278
268
248
280
256
244
293
222
271
247
261
305
244
251
321
278
276
266
293
265
272
307
249
217
281
304
271
282
279
266
297
285
247
235
272
272
237
248
263
236
209
245
205
226
306
240
265
237
272
276
261
233
273
283
223
232
222
229
245
260
237
262
216
273
250
264
278
281
231
242
281
255
245
282
258
308
242
242
329
250
264
259
272
296
305
265
241
188
301
295
283
232
263
282
281
265
276
266
281
248
241
217
303
270
234
250
208
221
270
225
240
201
269
272
273
241
230
232
205
192
183
200
221
267
219
252
232
235
270
254
232
240
209
237
260
243
252
245
216
277
227
194
283
276
226
266
272
253
236
267
228
200
245
247
247
235
280
247
275
248
225
221
264
254
225
224
217
226
242
195
210
211
237
242
234
229
289
238
305
240
259
273
236
215
215
244
228
268
223
263
234
241
265
259
269
263
249
248
244
233
267
254
243
293
238
250
309
243
263
274
266
305
247
293
245
230
281
289
298
262
271
279
311
266
241
263
286
248
234
234
262
245
219
208
219
201
282
259
277
233
290
264
312
240
272
288
253
238
223
258
265
283
241
235
241
267
245
284
268
278
229
251
279
238
255
239
239
309
240
273
277
288
273
282
246
271
299
278
269
253
318
301
275
273
283
288
310
244
269
255
262
289
219
223
310
265
223
272
234
232
291
243
230
219
276
277
269
231
256
251
230
248
193
225
237
278
197
254
261
254
260
258
253
269
218
228
287
232
274
248
259
286
258
217
291
287
237
282
256
274
273
273
256
218
296
234
264
235
278
250
285
263
245
236
286
256
224
222
277
253
231
214
229
215
293
279
275
249
306
256
260
272
279
284
274
239
221
253
241
279
252
262
289
290
278
269
294
264
236
269
283
241
251
253
273
319
248
244
314
287
288
272
278
286
267
304
260
244
295
300
266
301
275
318
324
280
269
274
274
290
243
255
287
268
251
249
235
241
311
262
243
204
276
239
288
227
263
266
237
235
205
214
223
244
235
238
259
267
279
234
247
261
214
234
267
224
267
224
240
301
203
220
299
283
223
242
283
251
274
299
226
241
286
284
267
260
275
249
270
268
242
248
281
254
227
257
264
234
222
250
215
224
273
293
265
218
301
288
311
279
281
317
259
246
218
262
263
302
275
273
297
262
286
312
274
294
256
242
320
248
254
254
281
323
256
262
313
322
298
266
311
269
292
298
278
252
315
315
299
304
314
294
316
327
251
264
289
305
216
282
296
262
250
267
232
259
287
223
210
179
273
235
290
213
226
246
242
190
171
228
245
245
199
230
231
228
235
248
212
231
223
194
249
224
230
236
254
268
208
235
302
233
231
255
235
249
253
256
208
179
285
253
243
217
255
253
277
272
243
233
257
234
204
211
225
221
222
211
206
204
290
265
285
262
308
298
308
251
293
285
264
237
232
221
234
248
270
263
283
273
283
260
261
271
245
252
331
236
254
282
244
309
263
255
332
289
252
285
311
290
285
307
278
256
275
313
270
291
293
289
340
279
252
285
268
303
251
253
293
259
232
234
174
252
298
280
257
221
292
279
335
283
267
293
261
254
225
277
258
317
277
284
295
262
329
291
279
278
273
281
325
262
279
247
285
293
247
276
327
320
292
300
300
291
294
294
299
224
312
310
313
304
303
287
306
307
279
260
277
327
249
302
290
270
260
269
251
273
284
243
248
209
263
227
294
204
218
285
243
224
204
183
179
250
185
250
242
245
256
219
246
257
225
220
216
223
236
238
225
314
182
219
320
251
266
231
222
226
254
271
217
224
277
262
238
245
266
262
284
243
184
249
230
253
208
221
283
218
219
245
213
245
245
299
283
269
289
274
301
275
266
287
273
262
250
265
254
291
269
293
288
291
309
279
301
300
255
279
310
254
273
294
271
328
261
280
347
314
316
284
307
314
280
320
269
257
287
311
316
281
309
309
321
304
286
277
289
309
267
257
302
295
253
264
253
269
290
243
239
273
249
276
294
255
225
264
263
271
227
251
219
277
229
240
260
300
296
276
284
289
246
217
272
255
239
237
255
303
249
255
312
300
295
268
302
277
280
300
270
252
300
309
248
259
279
292
300
299
275
245
269
280
220
223
291
278
254
269
214
238
265
299
303
308
346
328
364
281
332
337
312
274
252
275
289
297
285
294
335
332
338
303
308
323
291
276
354
282
311
299
323
360
308
310
403
318
323
359
358
346
324
348
334
277
358
354
323
315
331
333
366
341
336
346
328
324
298
279
345
314
279
271
250
291
358
289
243
236
295
294
319
233
233
273
273
254
218
225
235
292
242
292
237
286
293
291
242
278
232
267
274
242
276
245
260
297
259
256
307
272
319
286
315
293
281
313
260
238
323
276
307
240
321
324
306
258
291
256
292
284
228
249
270
276
223
285
235
194
280